1 116.599824
4 112.343647
6 111.404387
7 109.775580
8 105.660015
9 104.501471
12 104.199021
13 102.983901
14 102.755747
15 99.341587
16 98.565244
18 96.929995
19 95.340779
21 93.056838
23 90.600207
24 90.144926
25 89.100295
28 88.955055
31 87.792744
33 87.108916
34 86.019773
35 85.829586
36 84.854213
38 83.487261
40 81.811338
41 81.078979
43 80.869933
44 80.412121
46 79.990254
49 71.282144
51 71.215810
60 71.030208
66 70.518738
69 69.140681
75 68.538561
76 67.697407
78 67.696346
80 65.998134
85 65.383288
87 64.684215
91 63.403250
97 63.070700
104 61.322635
114 61.130862
115 60.086567
121 59.122484
122 58.187073
124 56.251568
134 56.028692
138 55.264760
149 54.429713
165 54.290740
169 54.246009
175 54.187073
186 52.542676
207 51.921454
209 51.601286
240 50.676091
242 50.478180
260 50.048099
272 49.662899
282 49.649753
296 49.315903
300 48.908262
346 48.908262
364 48.834472
371 48.730116
377 48.665621
382 48.436126
399 47.672194
461 47.607699
504 47.429553
